0     15    19    12    17    31    14    16    14    21    7     12    19    12    23    13    16    24    18    20    16    28    25    21    16    21    23    4     36    48    41    23    36    39   
15    0     5     6     4     17    16    12    15    16    12    7     12    8     11    10    23    10    12    6     2     13    16    6     2     22    10    14    25    39    41    29    31    45   
19    5     0     11    2     12    16    10    16    17    16    12    10    12    7     13    27    8     12    3     5     8     13    2     5     22    7     19    23    37    42    33    31    49   
12    6     11    0     10    23    19    16    10    11    8     2     16    2     17    4     17    16    7     12    7     19    21    12    7     25    15    10    31    45    36    24    26    40   
17    4     2     10    0     14    14    9     17    18    14    11    8     11    8     12    25    10    14    2     4     9     12    3     4     20    6     17    21    36    43    32    33    47   
31    17    12    23    14    0     26    19    27    22    28    24    19    24    11    25    40    9     20    12    16    5     20    11    16    33    12    31    30    44    40    46    31    61   
14    16    16    19    14    26    0     8     27    28    15    19    8     19    17    21    28    25    24    16    17    21    12    16    17    6     16    15    23    37    53    27    43    43   
16    12    10    16    9     19    8     0     25    25    14    17    2     17    9     19    27    18    21    9     12    14    11    9     12    14    8     17    21    35    51    29    40    45   
14    15    16    10    17    27    27    25    0     12    12    8     25    8     22    9     17    20    8     17    15    23    29    17    15    33    22    12    38    53    38    24    27    40   
21    16    17    11    18    22    28    25    12    0     17    9     25    11    19    10    26    15    5     18    16    19    28    18    16    34    20    19    38    52    31    33    20    49   
7     12    16    8     14    28    15    14    12    17    0     8     16    8     21    10    14    21    13    17    13    24    25    17    13    21    20    3     35    49    42    18    32    34   
12    7     12    2     11    24    19    17    8     9     8     0     17    2     18    2     17    17    5     13    8     20    22    13    8     25    17    10    32    46    35    24    24    40   
19    12    10    16    8     19    8     2     25    25    16    17    0     17    9     19    29    18    21    9     12    13    11    9     12    14    8     18    20    34    51    31    40    47   
12    8     12    2     11    24    19    17    8     11    8     2     17    0     18    4     15    17    7     13    9     20    23    13    9     25    17    8     32    46    37    22    26    38   
23    11    7     17    8     11    17    9     22    19    21    18    9     18    0     19    32    9     16    6     10    5     10    6     10    23    2     24    20    34    44    38    33    54   
13    10    13    4     12    25    21    19    9     10    10    2     19    4     19    0     17    18    6     14    9     21    23    14    9     28    18    10    33    47    36    24    25    40   
16    23    27    17    25    40    28    27    17    26    14    17    29    15    32    17    0     32    22    28    24    36    36    29    24    34    31    14    46    60    35    8     37    24   
24    10    8     16    10    9     25    18    20    15    21    17    18    17    9     18    32    0     13    9     8     6     19    9     8     30    10    24    29    43    38    38    27    54   
18    12    12    7     14    20    24    21    8     5     13    5     21    7     16    6     22    13    0     13    11    16    24    13    11    30    17    15    34    48    30    28    20    44   
20    6     3     12    2     12    16    9     17    18    17    13    9     13    6     14    28    9     13    0     6     7     12    0     6     22    5     20    21    35    43    34    32    50   
16    2     5     7     4     16    17    12    15    16    13    8     12    9     10    9     24    8     11    6     0     12    15    5     0     23    10    15    25    39    41    30    30    46   
28    13    8     19    9     5     21    14    23    19    24    20    13    20    5     21    36    6     16    7     12    0     15    6     11    27    7     26    24    38    43    40    32    56   
25    16    13    21    12    20    12    11    29    28    25    22    11    23    10    23    36    19    24    12    15    15    0     12    15    13    10    26    14    29    53    39    43    56   
21    6     2     12    3     11    16    9     17    18    17    13    9     13    6     14    29    9     13    0     5     6     12    0     5     22    5     20    21    36    43    34    32    50   
16    2     5     7     4     16    17    12    15    16    13    8     12    9     10    9     24    8     11    6     0     11    15    5     0     23    10    15    25    39    41    30    30    46   
21    22    22    25    20    33    6     14    33    34    21    25    14    25    23    28    34    30    30    22    23    27    13    22    23    0     22    21    22    36    60    32    49    44   
23    10    7     15    6     12    16    8     22    20    20    17    8     17    2     18    31    10    17    5     10    7     10    5     10    22    0     23    19    33    45    37    34    53   
4     14    19    10    17    31    15    17    12    19    3     10    18    8     24    10    14    24    15    20    15    26    26    20    15    21    23    0     38    52    43    15    34    31   
36    25    23    31    21    30    23    21    38    38    35    32    20    32    20    33    46    29    34    21    25    24    14    21    25    22    19    38    0     16    63    50    52    66   
48    39    37    45    36    44    37    35    53    52    49    46    34    46    34    47    60    43    48    35    39    38    29    36    39    36    33    52    16    0     77    65    67    80   
41    41    42    36    43    40    53    51    38    31    42    35    51    37    44    36    35    38    30    43    41    43    53    43    41    60    45    43    63    77    0     43    15    59   
23    29    33    24    32    46    27    29    24    33    18    24    31    22    38    24    8     38    28    34    30    40    39    34    30    32    37    15    50    65    43    0     45    21   
36    31    31    26    33    31    43    40    27    20    32    24    40    26    33    25    37    27    20    32    30    32    43    32    30    49    34    34    52    67    15    45    0     61   
39    45    49    40    47    61    43    45    40    49    34    40    47    38    54    40    24    54    44    50    46    56    56    50    46    44    53    31    66    80    59    21    61    0    
